1157.0208,	3025421487.7,	105646876.4,	3%,	3396007915.2,	166858336.3,	5%,	3.5
1883.516,	4886043.6,	647186.8,	13%,	6657242.3,	315708.0,	5%,	6.1
2283.119,	883148302.6,	13578333.8,	2%,	1592413989.0,	43641305.2,	3%,	240.8
2656.509,	303126606.4,	29564781.0,	10%,	132943079.8,	3205755.5,	2%,	32.7
2978.1,	177806.4,	20758.0,	12%,	193054.4,	30407.3,	16%,	0.2
3044.292,	145777644.2,	4014069.0,	3%,	261388985.6,	5600644.7,	2%,	281.5
3285.004,	82104204.9,	2203970.7,	3%,	150098389.9,	6337198.6,	4%,	102.7
3301.36,	27663955.7,	1031574.8,	4%,	37640642.9,	1420093.0,	4%,	32.3
3307.872,	209600668.6,	17000247.8,	8%,	169973921.3,	4484699.4,	3%,	5.1
3357.29,	187308465.8,	6468013.3,	3%,	301467926.9,	9652399.8,	3%,	96.5
3661.527,	2483661.3,	165653.6,	7%,	11458741.7,	542133.7,	5%,	250.7
3676.092,	79631962.9,	3953672.2,	5%,	1110574521.8,	101728729.1,	9%,	102.5
3711.96,	42039130.9,	1234870.5,	3%,	61481566.2,	3078646.1,	5%,	34.4
3776.27,	14953331.4,	691778.3,	5%,	43887661.3,	2143819.5,	5%,	165.0
3913.8,	38145888.5,	1285712.2,	3%,	88320552.4,	2078163.2,	2%,	421.6
3922.71,	31370990.8,	1431750.4,	5%,	57958679.8,	1831773.1,	3%,	130.8
3966.38,	425815.1,	43142.4,	10%,	456655.3,	41678.3,	9%,	0.3
4011.4,	4819124.4,	326862.7,	7%,	8533441.1,	316655.1,	4%,	66.6
4051.9,	1059299.5,	85261.9,	8%,	953251.1,	74541.3,	8%,	0.9
4092.04,	27872135.4,	1272413.9,	5%,	39603661.2,	1736723.5,	4%,	29.7
4093.7,	13494166.1,	722694.9,	5%,	3026373.0,	269388.8,	9%,	184.2
4168.5,	805936.3,	61432.6,	8%,	847031.9,	76946.0,	9%,	0.2
4196.1,	22384628.0,	932721.2,	4%,	28172953.5,	1008416.3,	4%,	17.8
4258.1,	585565.8,	63321.4,	11%,	531084.0,	115502.6,	22%,	0.2
4315.22,	5167275.6,	228431.3,	4%,	14120340.1,	614684.2,	4%,	186.4
4358.44,	17569827.0,	796552.7,	5%,	28223306.0,	800815.4,	3%,	89.0
4399.2,	8538124.2,	324308.0,	4%,	10923746.3,	361479.1,	3%,	24.1
4409.176,	663344.8,	188105.9,	28%,	1168191.7,	229068.8,	20%,	2.9
4479.9,	6470659.9,	482490.3,	7%,	7247354.0,	390853.6,	5%,	1.6
4552.644,	398189.6,	59473.3,	15%,	297659.7,	37975.8,	13%,	2.0
4564.87,	10621122.4,	488212.3,	5%,	12784226.6,	558496.8,	4%,	8.5
4584.08,	50695136.8,	1774307.0,	3%,	56135443.9,	1849233.9,	3%,	4.5
4650.3,	35999051.4,	1414037.3,	4%,	37096583.6,	1379739.9,	4%,	0.3
4690.0,	5498033.0,	418897.3,	8%,	5553063.7,	416674.8,	8%,	0.0
4779.32,	3139826.5,	218392.5,	7%,	3450320.7,	242218.3,	7%,	0.9
4803.6,	8536776.2,	410494.1,	5%,	11981504.0,	562651.4,	5%,	24.5
4833.519,	1312168.5,	100155.0,	8%,	1355191.2,	85182.5,	6%,	0.1
4884.02,	1987350.0,	103211.5,	5%,	2046499.1,	104878.2,	5%,	0.2
4904.58,	12446785.9,	569995.7,	5%,	13625062.2,	625416.9,	5%,	1.9
4930.74,	1388667.5,	93389.2,	7%,	1520377.4,	93454.5,	6%,	1.0
5005.69,	62092365.6,	3277201.8,	5%,	63304215.8,	3158933.5,	5%,	0.1
5025.73,	9100394.8,	418344.7,	5%,	9287084.9,	535253.9,	6%,	0.1
5058.45,	446843.4,	55811.5,	12%,	359341.0,	44536.9,	12%,	1.5
5060.65,	840251.1,	70445.5,	8%,	732773.3,	57598.2,	8%,	1.4
5092.86,	1172189.8,	79694.0,	7%,	1211179.4,	81119.7,	7%,	0.1
5096.87,	20899185.1,	906848.0,	4%,	19789586.2,	1041215.3,	5%,	0.6
5130.22,	52048323.5,	2334586.5,	4%,	59316918.3,	2335796.2,	4%,	4.8
5161.8,	73005.5,	14247.1,	20%,	67510.4,	8754.1,	13%,	0.1
5230.33,	118013306.2,	5811607.9,	5%,	121051020.1,	6184766.9,	5%,	0.1
5289.25,	19869848.6,	931445.6,	5%,	20476778.0,	931382.9,	5%,	0.2
5297.6,	8839414.0,	396557.8,	4%,	14640471.7,	714756.6,	5%,	50.4
5300.5,	14334323.5,	795016.2,	6%,	16897574.9,	848343.8,	5%,	4.9
5342.2,	5584581.0,	216515.0,	4%,	5769755.4,	252468.8,	4%,	0.3
5375.0,	11971380.4,	628362.3,	5%,	13011633.7,	655205.0,	5%,	1.3
5397.0,	10496428.2,	495026.7,	5%,	11293184.1,	563356.1,	5%,	1.1
5408.4,	725218.0,	71746.8,	10%,	643447.4,	100594.5,	16%,	0.4
5422.2,	1374226.2,	104886.6,	8%,	1284795.4,	94978.6,	7%,	0.4
5458.9,	9341193.8,	383669.9,	4%,	11555551.5,	372163.9,	3%,	17.2
5502.096,	87933113.5,	7306903.4,	8%,	5034640.0,	354576.7,	7%,	128.4
5548.68,	14596956.4,	586654.2,	4%,	65771312.2,	3854589.0,	6%,	172.3
5573.9,	4139252.3,	188139.3,	5%,	4169035.8,	212743.0,	5%,	0.0
5594.16,	11295030.1,	462684.9,	4%,	12099267.4,	562414.3,	5%,	1.2
5733.3,	59313184.9,	2300446.9,	4%,	65077451.3,	2249016.7,	3%,	3.2
5775.76,	46919783.5,	1288996.3,	3%,	60924908.0,	1685626.4,	3%,	43.6
5783.15,	5838039.3,	412946.0,	7%,	12773466.7,	884736.6,	7%,	50.5
5866.82,	19686886.9,	783815.5,	4%,	29495478.5,	1002555.2,	3%,	59.4
5892.5,	3977849.1,	169853.0,	4%,	5739460.9,	213349.4,	4%,	41.7
5935.8,	9590555.1,	281661.6,	3%,	10592009.4,	319796.4,	3%,	5.5
5995.68,	7534238.9,	273024.1,	4%,	8260306.2,	311468.7,	4%,	3.1
6015.2,	1147174.1,	63817.2,	6%,	1657488.8,	154239.5,	9%,	9.3
6040.0,	5389132.7,	283341.7,	5%,	5965242.4,	309625.8,	5%,	1.9
6093.8,	5308348.2,	211384.2,	4%,	7335653.1,	271344.3,	4%,	34.7
6146.14,	18589552.6,	832458.9,	4%,	18833853.6,	1004935.3,	5%,	0.0
6211.4,	15362047.7,	601926.5,	4%,	17020113.3,	763108.0,	4%,	2.9
6232.01,	621634.6,	84140.5,	14%,	364805.3,	168690.8,	46%,	1.9
6242.4,	3323094.6,	206944.7,	6%,	3570080.0,	221457.5,	6%,	0.7
6446.5,	1440388.2,	104107.1,	7%,	1504018.2,	109341.6,	7%,	0.2
6672.92,	37841276.0,	1002378.4,	3%,	38964595.2,	1497459.2,	4%,	0.4
6849.48,	4449538.2,	184125.8,	4%,	5596567.8,	328822.3,	6%,	9.3
6981.69,	5037516.6,	214492.6,	4%,	5517049.4,	236150.7,	4%,	2.3
11131.6,	0.0,	0.0,	nan%,	1011299827.7,	12303544.6,	1%,	6756.2
