Integral Diff, TRANSITION,GATE, m, q, mean, sigma, amplitude
46 , 3775.3 , 1250.2 , 0 , 0 , 0 , 0 , 0
0 , 2619.16 , 1250.2 , -2.254039120373445 , 5908.854236753433 , 2619.455850640261 , 1.49683865054313 , 574.7692471785701
0 , 1119.7 , 1250.2 , -8.874022668158199 , 9951.62911441952 , 1120.224820195592 , 1.5400814774090488 , 169.67632937164694
0 , 475.2 , 1250.2 , 16.42437973658148 , -7948.36259053406 , 474.9668773437839 , 1.583928240139493 , 616.0739757920918
0 , 3775.3 , 1520.2 , 2.589587266895145 , -9755.885344340744 , 3775.551652378294 , -0.9324407766821821 , 47.20050733083785
0 , 2619.16 , 1520.2 , 1.7139594211789566 , -4413.020956774187 , 2619.227122473787 , 1.4791598265199488 , 1449.7306738880775
44 , 1119.7 , 1520.2 , 3304.8476240321693 , -3661516.744984347 , 1127.9467329048734 , -9.792268805305108 , -55333.75325029501
0 , 475.2 , 1520.2 , -21.329894383107103 , 10562.065927575557 , 474.78891059507777 , -0.6225373881796054 , 401.32219269600154
62 , 3775.3 , 1524.4 , 1.7590712560081485 , -6633.94217628556 , 3776.045417348965 , -0.2468302102514996 , 178.86190841620913
0 , 2619.16 , 1524.4 , 1.3157037028712137 , -3403.38109590391 , 2619.2556938656203 , 1.4314775739927479 , 957.2325814694491
11 , 1119.7 , 1524.4 , 687.5073501761643 , -763433.203940985 , 1126.0849279568233 , -7.529371752077375 , -8979.72397461023
-2268 , 475.2 , 1524.4 , 0 , 0 , 0 , 0 , 0
-58 , 3775.3 , 1597.7 , -3.7324195403137344 , 14098.373214335144 , 3772.0527084004234 , 0.24668226133740875 , -169.85028735678128
0 , 2619.16 , 1597.7 , 0.30873023312468206 , -762.405825199981 , 2619.953383089272 , 1.4736269531586008 , 172.85583519232569
-828 , 1119.7 , 1597.7 , 0 , 0 , 0 , 0 , 0
0 , 475.2 , 1597.7 , -22.70496204346445 , 10845.774241426141 , 476.0030247095904 , 2.0119467331304226 , 179.83108708562244
0 , 3775.3 , 1683 , -0.6818160373728185 , 2575.355156574394 , 1433.420761784695 , 417.8655946400189 , 2573.1276191519423
0 , 2619.16 , 1683 , -4.513364701560998 , 11847.22750280382 , 2619.3827794115614 , 1.5231284041699042 , 335.5024629414216
16 , 1119.7 , 1683 , 805.4239183959521 , -894028.709752853 , 1125.928209776618 , -7.602019109739257 , -10869.520918150425
-102 , 475.2 , 1683 , 0 , 0 , 0 , 0 , 0
0 , 3775.3 , 1771.9 , 29.640442605139246 , -111517.94367727824 , 3783.7441973457594 , 10.107734019411865 , -502.31047653750625
0 , 2619.16 , 1771.9 , -5.095377352962636 , 13394.27015740945 , 2619.5589828355396 , 1.0935065753238769 , 351.55268868786936
251 , 1119.7 , 1771.9 , 21380.31090057255 , -23653968.21882777 , 1129.1211646667323 , -11.174035237826253 , -408717.60273107304
-13366 , 475.2 , 1771.9 , 0 , 0 , 0 , 0 , 0
-58 , 3775.3 , 1816.3 , 0.20678174187406845 , -768.4770033304575 , 3777.984836189579 , -0.2677850370053038 , -183.55265574072834
0 , 2619.16 , 1816.3 , -4.085527045980161 , 10741.844186824319 , 2619.687358357498 , 1.342844206769104 , 460.7395718974363
19 , 1119.7 , 1816.3 , 1785.0161420205602 , -1972729.2707855292 , 1130.0176707026565 , -12.237329272996144 , -36991.484276626325
280 , 475.2 , 1816.3 , 39.077192942949026 , -18333.16666118934 , 475.032611405996 , -0.2687593532684494 , 898.0366400182804
-47 , 3775.3 , 1998.6 , -1.8383899026410035 , 7001.76211127237 , 3776.4785741055034 , 0.15077714233853992 , 77.02412719812676
0 , 2619.16 , 1998.6 , -1.0351017258709612 , 2797.6945847215816 , 2619.411527702321 , 1.5196563162271006 , 1454.0344337594838
0 , 1119.7 , 1998.6 , 74.26560829333617 , -82467.71599238832 , 1118.6264403221585 , -0.01516440364147198 , -280.5619357430818
-2 , 475.2 , 1998.6 , -8.763474672284845 , 4837.919680272201 , 475.0892992053376 , 2.449079648109773 , 600.1915802320988
-250 , 3775.3 , 2158.5 , 0 , 0 , 0 , 0 , 0
0 , 2619.16 , 2158.5 , -2.8441780449406537 , 7495.2802896542335 , 2619.4304394996648 , 1.4769569231257638 , 1362.24947038461
0 , 1119.7 , 2158.5 , 9.509933311797921 , -10534.205879580108 , 1119.477613035821 , 1.173812822303769 , 303.0224239429039
0 , 475.2 , 2158.5 , -7.67191754786595 , 3813.1483701051984 , 475.4051356756217 , 1.3983079601529762 , 436.9954351976113
0 , 3775.3 , 2896.7 , 0.47045450062965133 , -1780.2595150335924 , 3775.8057469558257 , 1.5093274540738637 , 29.48496022834536
0 , 2619.16 , 2896.7 , 0.7817712284970817 , -2030.579136115044 , 2619.3155963890545 , 1.4705161398242335 , 394.6004278934846
0 , 1119.7 , 2896.7 , 26.32071686106965 , -29291.38319357262 , 1122.3136854908216 , -1.0236196665246118 , -302.9978476299468
154 , 475.2 , 2896.7 , 0.7614041349113755 , -279.3669615741207 , 474.96377274911754 , 0.25163145730300485 , 448.60201334372266
-120 , 3775.3 , 703.4 , 6.084644276958741 , -22941.165457504576 , 3775.0757905476507 , 0.24139043847296543 , -361.02222869365687
0 , 2619.16 , 703.4 , -7.939246670266801 , 20806.32252046563 , 2620.1091869191514 , 1.6477130873025612 , 136.5967223405442
17 , 1119.7 , 703.4 , 800.6960881317738 , -888826.1030891951 , 1125.7259967232696 , -7.337778774005865 , -10758.38122615021
52 , 475.2 , 703.4 , 88.26254505193232 , -41695.27973157577 , 475.0972326222362 , 0.3856579741762044 , 621.0746592738053
12 , 3775.3 , 7354.2 , -0.06766909120153856 , 257.3412953277162 , 3775.036125638277 , 0.26396621471501125 , 39.92533068293422
0 , 2619.16 , 7354.2 , -7.379115231108211 , 19380.008190210174 , 2619.362065044089 , 1.4800099013674053 , 2300.6138270745982
0 , 1119.7 , 7354.2 , 5.166646324410391 , -5726.76478059762 , 1119.733714796098 , 1.0787209644365436 , 591.6998955221072
0 , 475.2 , 7354.2 , -3.5622422670249074 , 1828.8567299135145 , 475.121973243342 , 0.925970463407335 , 640.5008315209859
50 , 3775.3 , 874.3 , -0.8169034906588796 , 3092.7008048328303 , 3772.067138017617 , 0.27512476674155556 , 180.65787102289076
0 , 2619.16 , 874.3 , -7.466584338144685 , 19641.36912018094 , 2619.4585282125427 , 1.5509270124670422 , 1205.6537541536086
67 , 1119.7 , 874.3 , 5778.28000641837 , -6394025.008026485 , 1128.987263906818 , -10.985991750670593 , -108597.57255656793
0 , 475.2 , 874.3 , -0.8474704381452844 , 950.3893309433109 , 474.14332633703606 , 1.4464798765819264 , 843.5034723112522
