Integral Diff,Integral,TRANSITION,GATE,m,q,mean,sigma,amplitude
0 , 2.6846295386627713e-22 , 2814.2 , 1753.1 , -0.7529138615675952 , 2150.4218281178582 , 3064.7288495751277 , 23.031340601077957 , 413.22826478819377
1 , -236.93514148362902 , 2052.1 , 1753.1 , -10.142356373765292 , 20840.827891347064 , 2047.6913091405652 , 1.1619209637615282 , -87.7335947147494
85 , 181.51318836196816 , 1788.5 , 1753.1 , -0.41090160330297015 , 761.5765876646763 , 1788.8775167377944 , 0.23709920580332766 , 305.4134451556204
-373 , 0 , 1420.2 , 1753.1 , 0 , 0 , 0 , 0 , 0
-286 , 0 , 1384.4 , 1753.1 , 0 , 0 , 0 , 0 , 0
0 , 1358.8840795722726 , 1183.1 , 1753.1 , 1.6087228387041892 , -1826.5817887476715 , 1183.5948135746219 , 0.912254150924951 , 594.2601782653315
-542 , 0 , 1173.9 , 1753.1 , 0 , 0 , 0 , 0 , 0
-2 , 54487.68765900338 , 900.8 , 1753.1 , 285.96887158045024 , -261817.39899613927 , 887.2891381604833 , 13.793589397378744 , 6978.377270977677
-2 , 203913.23542444065 , 738.0 , 1753.1 , 409.50878236726993 , -319118.95329236146 , 708.8290083347347 , 34.6734380771708 , 24243.564435667286
0 , 226.9372620301329 , 697.6 , 1753.1 , -4.5368427785421295 , 3240.6832944465036 , 699.2487637365707 , -1.0431035291849329 , 86.8077654917207
0 , -3.3364672034390267e-10 , 532.1 , 1753.1 , -27.466222443409617 , 14700.085823211875 , 482.93985198558966 , 6.056747320298512 , -37.72602956951699
514 , 1066.3674066488022 , 2814.2 , 476.8 , 2.7886513732748934 , -7610.725059802169 , 2816.8712109311505 , 0.23103923824106343 , 1841.3281146224572
-5241 , 0 , 2052.1 , 476.8 , 0 , 0 , 0 , 0 , 0
0 , 1324.8787593334857 , 1788.5 , 476.8 , -20.326568692992904 , 36768.96125109896 , 1788.907019995399 , 1.5307512386526154 , 345.4407508542303
5 , -10614.247467785583 , 1420.2 , 476.8 , -107.76676658218858 , 154095.4726489504 , 1418.3677389695297 , 1.7088536071013352 , -2491.161229117194
6 , -9568.977794255474 , 1384.4 , 476.8 , 21.771402700896804 , -28899.503931481457 , 1383.7333525289446 , 2.3912696659281076 , -1616.8555716071223
0 , 6726.891884241309 , 1183.1 , 476.8 , 45.827383826025475 , -53584.397454880964 , 1183.2060689519838 , 1.1793091933702289 , 2275.605920591257
-6 , 4888.915064208658 , 1173.9 , 476.8 , -63.002810258339444 , 74260.26438746696 , 1175.3711002835396 , 1.753500053502 , 1134.1181678857827
-27692 , 0 , 900.8 , 476.8 , 0 , 0 , 0 , 0 , 0
-21517 , 0 , 738.0 , 476.8 , 0 , 0 , 0 , 0 , 0
-71 , 1287409.1026218126 , 697.6 , 476.8 , 7530.825625504526 , -5355383.726991837 , 685.3032369485173 , 12.93817979001872 , 162578.22795595453
14 , -26525.652538079343 , 532.1 , 476.8 , -339.748856201777 , 184284.20551875373 , 533.3894690622996 , 1.8701857401814157 , -5697.59412670061
0 , 1551.1097760186954 , 2814.2 , 6034.4 , -9.377117357065085 , 26480.472699880207 , 2814.1596526219982 , 1.5749833477708577 , 392.95419689377434
0 , 812.778250745412 , 2052.1 , 6034.4 , -1.081166408075814 , 2295.691883101811 , 2052.212960858435 , 1.3898963039537007 , 233.29650812756702
0 , 4217.597640286102 , 1788.5 , 6034.4 , -100.00034408568862 , 179411.75082948143 , 1788.5902782175267 , 0.9633155844951842 , 1746.652980587381
0 , 739.7402886766384 , 1420.2 , 6034.4 , -11.802407767755719 , 16941.690755218897 , 1420.4015273109908 , 0.9748387016810823 , 302.73077847734186
-3428 , 0 , 1384.4 , 6034.4 , 0 , 0 , 0 , 0 , 0
0 , 26733.99598157617 , 1183.1 , 6034.4 , -17.968573946845094 , 21496.897818895966 , 1182.8738417592149 , 1.099323106118151 , 9701.717250084857
0 , 4764.709753149082 , 1173.9 , 6034.4 , 4.064219437047703 , -4569.388694558275 , 1173.939606390896 , 1.1068124855647477 , 1717.4081337098949
0 , 965.2115270997604 , 900.8 , 6034.4 , 7.65534189575697 , -6006.528751850725 , 900.7064912301029 , 0.9703858512906335 , 396.815036622384
0 , 4109.580562834151 , 738.0 , 6034.4 , -14.154152655204138 , 11197.670112510528 , 737.9722690774703 , 1.019208940732757 , 1608.5862105837707
0 , 2105.1536582311846 , 697.6 , 6034.4 , 0.7492368582831311 , 160.61159831026634 , 697.4562232491882 , 1.044989681499755 , 803.6776471935412
0 , 2819.1232748615475 , 532.1 , 6034.4 , 7.18219960026347 , -3005.765292871307 , 532.1260279525147 , 0.9950085199646147 , 1130.309387165308
397 , 709.3328653729175 , 2814.2 , 678.6 , -22.996430739375807 , 64738.456827584065 , 2815.0814813237444 , 0.23750668382357432 , 1191.473293803284
0 , 769.9101033578919 , 2052.1 , 678.6 , 10.572212286488037 , -21786.25834932357 , 2052.8786996804142 , 1.4405446058922993 , 213.25823647055228
0 , 1053.342198050727 , 1788.5 , 678.6 , 4.4421654853213255 , -7902.413326917884 , 1788.2683647615222 , 1.4594811008650201 , 287.94101561427686
0 , -1.3455122577537562e-88 , 1420.2 , 678.6 , -7.670471318545853 , 10880.881772335173 , 1429.0237604086085 , 0.1507386821581782 , -51.96323395899044
0 , 2.0921431022457733e-25 , 1384.4 , 678.6 , -1.2526189320469077 , 1741.0620959580397 , 1359.3813956012916 , -1.7273671200035396 , 22.24455060078967
0 , 3091.7536461462405 , 1183.1 , 678.6 , -28.657215697736707 , 33787.58998531018 , 1183.0363008948168 , 1.1777314022254983 , 1047.294556648077
0 , 668.6966035891153 , 1173.9 , 678.6 , -2.7742427799519636 , 3233.4400993442005 , 1174.2692690766232 , 1.226077616320819 , 217.59354181028985
0 , -1.6183327782503324e-17 , 900.8 , 678.6 , 1.250006886077984 , -1028.6728641369675 , 848.100537002737 , 4.805872577118933 , -2085.7218259050596
-11 , 10692.121197757826 , 738.0 , 678.6 , -128.05083184501186 , 93724.90173359645 , 740.8793229573193 , 3.685016876175959 , 1458.815349982832
-694 , 0 , 697.6 , 678.6 , 0 , 0 , 0 , 0 , 0
0 , 868.148655381103 , 532.1 , 678.6 , -15.132658335489046 , 8066.355291987562 , 531.2689611568597 , 1.8650535260593788 , 186.1689916478379
