Integral Diff, TRANSITION,GATE, m, q, mean, sigma, amplitude
0 , 2554.9 , 1218 , -0.7279204562920286 , 1870.0073236617172 , 2555.68334046874 , 1.400400074028539 , 44.96732226245071
0 , 1428.67 , 1218 , -2.367512647559386 , 3439.9095543758813 , 1428.6284403925865 , 1.150530769201237 , 1595.998863245094
-6 , 667.3 , 1218 , 19.689091374145317 , -13308.473678735581 , 667.4555622513001 , 3.024744611792144 , 790.5206456984196
0 , 404.26 , 1218 , -12.164083512710668 , 5207.539384817168 , 404.07591513042735 , 0.9307794225550765 , 6942.857242564875
-56 , 2554.9 , 1384 , 1.3720814752722386 , -3470.097259941227 , 2555.933226104618 , 0.2484418489992181 , -170.37174771136822
0 , 1428.67 , 1384 , 8.353428361326548 , -11877.625872331695 , 1427.8618491691907 , 0.7945476775437527 , 231.80162194165175
1055 , 667.3 , 1384 , -34.29082085661773 , 23090.443834058857 , 665.0200643364301 , 0.2511205948655301 , 3003.4596502061486
0 , 404.26 , 1384 , 32.5402694435695 , -13118.35166894059 , 403.9896125567234 , 1.1008191282132178 , 1578.9960560041748
0 , 2554.9 , 1518 , -0.30755767347320484 , 817.3918210531427 , 2551.685771888802 , -0.4970083588191861 , -40.69906978155479
0 , 1428.67 , 1518 , -9.418307103313637 , 13455.901759456043 , 1428.59432798002 , 1.2243722966716315 , 1392.9318680191573
153 , 667.3 , 1518 , 1.004522196818973 , -548.6153159982032 , 667.8978809221661 , 0.24907493055847787 , 528.0128897035196
0 , 404.26 , 1518 , 11.858209318628703 , -4590.050808959411 , 404.03683436682843 , 0.913023158359791 , 6381.170974635438
0 , 2554.9 , 1577 , -2.4923584070702876 , 6444.369603296935 , 2551.7529529991775 , -0.631915678474775 , -87.20874890965744
0 , 1428.67 , 1577 , -2.966534995595294 , 4383.822355813804 , 1428.6015211965782 , 1.1745265984046487 , 4622.018184725691
0 , 667.3 , 1577 , -0.9948735945931839 , 1004.3015134219327 , 667.709463354789 , 1.0451379973952872 , 172.85864179138346
0 , 404.26 , 1577 , -5.3183755416817595 , 2714.782477204101 , 404.054806224317 , 0.9235073680080722 , 19752.603988313927
0 , 2554.9 , 1588 , 0.5892762796851647 , -1456.4810614839305 , 2554.0080683405426 , 1.021703134630008 , 69.36078807381304
0 , 1428.67 , 1588 , -15.947298007768236 , 23017.11767323327 , 1428.6168761848978 , 1.1625062629426404 , 12019.17216981963
0 , 667.3 , 1588 , -3.2256154865522584 , 2651.3950514830813 , 668.201948294247 , 1.6257010761906998 , 394.91268337223437
0 , 404.26 , 1588 , 15.748771836213539 , -5239.916254252096 , 404.0495799833042 , 0.9129312392578681 , 52600.09469003445
1 , 2554.9 , 1683 , 360.1867990213071 , -908464.1230299164 , 2577.7616941468996 , -27.324750472729505 , -16692.946040722818
0 , 1428.67 , 1683 , 2.419410066799143 , -3409.260171619987 , 1428.5965982851387 , 1.1124460316842546 , 2361.9830464898796
-1795 , 667.3 , 1683 , 0 , 0 , 0 , 0 , 0
0 , 404.26 , 1683 , -36.71336417852839 , 15121.850588772159 , 404.0581320034808 , 0.8981089293822613 , 10520.132538130896
1 , 2554.9 , 1836 , -0.19842725728824542 , 514.0123817808582 , 2555.7045900666812 , -0.016167896122197156 , 29.560267375365548
0 , 1428.67 , 1836 , 5.328427789062716 , -7558.1024294352665 , 1428.5975711325457 , 1.2259754427693108 , 457.4569735776847
0 , 667.3 , 1836 , -3.4565353962854717 , 2383.4184277338245 , 665.3337396456246 , -0.9277112055954133 , 497.4736664996603
0 , 404.26 , 1836 , 18.205453133343028 , -7204.659675029512 , 403.93058404922283 , 0.9530973846419933 , 1865.5361736551133
-615 , 2554.9 , 202 , 0 , 0 , 0 , 0 , 0
0 , 1428.67 , 202 , 224.44431193517963 , -319861.9595546617 , 1429.3395624175753 , 1.2196853503747798 , 5896.078293151345
-10 , 667.3 , 202 , -3.6424783327177743 , 1116.3144845046659 , 667.0348434610586 , 2.080699353804022 , 5843.045296932497
0 , 404.26 , 202 , 162.01642874843236 , -65249.05232597555 , 404.0855703628292 , 0.8910086224474946 , 23900.953994781834
0 , 2554.9 , 2063 , 4.428047628323074 , -11342.207429221784 , 2552.6750816279546 , 3.0564425392694865 , 51.056694256978155
0 , 1428.67 , 2063 , 1.8970127332784474 , -2706.5870409974236 , 1428.5882905255564 , 1.1039236166088524 , 989.7759393685096
-516 , 667.3 , 2063 , 10.863050245976364 , -7239.00930175358 , 668.9707771900665 , -0.24039073274866649 , -1408.1813484467843
0 , 404.26 , 2063 , -6.149696526065273 , 2513.668393963308 , 404.050117754247 , 0.9360061954334937 , 4234.347303478399
0 , 2554.9 , 211 , -4.038028878650992 , 10379.389746958575 , 2554.6122963418784 , 1.3178258342344047 , 287.998161196004
-14793 , 1428.67 , 211 , 0 , 0 , 0 , 0 , 0
-2 , 667.3 , 211 , -83.28024483465336 , 54910.195191147264 , 668.1408794153432 , 1.5483797757106108 , 3767.523969236112
0 , 404.26 , 211 , -53.78794778555803 , 23232.79937347835 , 403.9806168439794 , 0.7992783386389939 , 11172.621543986237
-137 , 2554.9 , 2154 , -2.386483047447879 , 6131.686883859795 , 2549.9523120005047 , 0.24300856034429702 , -388.2298865462212
0 , 1428.67 , 2154 , 2.4242311307537405 , -3416.0635343159583 , 1428.575841715921 , 1.1186061127070641 , 680.76075711934
0 , 667.3 , 2154 , 5.092084933248326 , -3255.670508809967 , 633.6404684953926 , 2.7223014001911303 , 26.13892228033645
0 , 404.26 , 2154 , 2.4997241018331233 , -711.0381809842954 , 404.29553265449994 , 0.8608334612191224 , 20372.27706559215
-615 , 2554.9 , 2178 , 0 , 0 , 0 , 0 , 0
0 , 1428.67 , 2178 , -2.1610259070518207 , 3144.8394241519227 , 1428.610505035001 , 1.174160814027602 , 1458.7179134929488
0 , 667.3 , 2178 , -11.024158434779553 , 7630.562694044865 , 665.3142911139809 , 1.072721162895708 , 809.9863865372607
0 , 404.26 , 2178 , -28.497118172665314 , 11972.336208137343 , 404.0517100182465 , 0.9315776959241034 , 6435.64138972024
89 , 2554.9 , 2223 , -5.454963252212094 , 13996.985157289862 , 2555.070065678607 , 0.24224592169338674 , 266.50413353851883
0 , 1428.67 , 2223 , 3.148685533290804 , -4290.8649528248325 , 1428.6168248926554 , 1.0429966841929024 , 1442.2036148236548
0 , 667.3 , 2223 , -1.7618943315285815 , 1701.0304843224658 , 665.5676891269652 , 1.431193392027128 , 401.8570523961651
0 , 404.26 , 2223 , -6.989118961204061 , 3604.2522141284962 , 404.04703413452364 , 0.9087470384247518 , 6057.0168746905665
89 , 2554.9 , 2282 , -5.454963252212094 , 13996.985157289862 , 2555.070065678607 , 0.24224592169338674 , 266.50413353851883
0 , 1428.67 , 2282 , 3.148685533290804 , -4290.8649528248325 , 1428.6168248926554 , 1.0429966841929024 , 1442.2036148236548
0 , 667.3 , 2282 , -1.7618943315285815 , 1701.0304843224658 , 665.5676891269652 , 1.431193392027128 , 401.8570523961651
0 , 404.26 , 2282 , -6.989118961204061 , 3604.2522141284962 , 404.04703413452364 , 0.9087470384247518 , 6057.0168746905665
-1 , 2554.9 , 2380 , -92.49435201517349 , 234692.57489837083 , 2566.2689325796246 , 14.078604283425511 , 2274.030933420292
0 , 1428.67 , 2380 , 0.5210610062382819 , -744.2141372956245 , 1428.681940301989 , 1.2013023112860914 , 813.5162005680262
104 , 667.3 , 2380 , 0 , 0 , 0 , 0 , 0
0 , 404.26 , 2380 , 6.416247022388578 , -2482.340113426179 , 404.0839032983784 , 0.9135841658607798 , 3356.7962221258213
-68 , 2554.9 , 2499 , 2.9162029710701125 , -7424.132674013052 , 2557.0211601761166 , -0.2585939019989346 , -203.00041237602406
0 , 1428.67 , 2499 , 2.02932313453146 , -2868.2206096377186 , 1428.6112223674893 , 1.245303312015279 , 984.5163591243394
0 , 667.3 , 2499 , 14.498894494311699 , -9556.165669710845 , 668.8917935890424 , -0.9524714456038308 , 144.22571019726124
0 , 404.26 , 2499 , -3.4440779691767136 , 1558.5923273159444 , 404.06233787449526 , 0.9315264835333675 , 4252.600691799855
101 , 2554.9 , 2957 , 6.134875831621393 , -15657.101820549498 , 2552.032312293581 , -0.24608052072620226 , 285.02526568055555
0 , 1428.67 , 2957 , 4.288829523962652 , -6094.047659441436 , 1428.6981120520115 , 1.1884301931089163 , 730.1036072661474
-542 , 667.3 , 2957 , 0 , 0 , 0 , 0 , 0
0 , 404.26 , 2957 , 5.491585830353979 , -2110.840623857324 , 403.9915925478931 , 0.9188610481454262 , 3449.4319572119803
0 , 2554.9 , 299 , -23.377624840691453 , 59955.87049521957 , 2604.243745734555 , 1.279354072942179 , -3239.036188254708
0 , 1428.67 , 299 , -57.8746803233526 , 83135.93360538504 , 1428.5157036179162 , 1.2998648605445322 , 5781.111682733243
-2 , 667.3 , 299 , -179.11794643844465 , 120447.99470862169 , 668.676821782446 , 1.4881827439347637 , 1804.7949891255591
0 , 404.26 , 299 , 45.830206025863994 , -16411.79100205642 , 404.1003028396632 , 0.9131766824729499 , 21485.922760712554
0 , 2554.9 , 3138 , 0.9189383583097875 , -2335.155428220856 , 2550.7021371021337 , -0.5142014234677137 , 52.00311391925487
121 , 1428.67 , 3138 , 2.3775863284967684 , -3360.751125823881 , 1428.9919678791648 , 0.278288201067164 , 405.7270400486012
0 , 667.3 , 3138 , 4.836853408201318 , -3161.067971065041 , 669.4848708916155 , 1.3330857151591844 , 81.07462415936024
0 , 404.26 , 3138 , 14.215654825514944 , -5747.170066493779 , 403.9154493894744 , 0.9832516185966225 , 783.0252686093934
0 , 2554.9 , 483 , 22.65191861326103 , -57816.31453494242 , 2554.2686086588383 , 1.6375626348415246 , 345.0538494482397
0 , 1428.67 , 483 , -1.4162901223537636 , 2141.9824234572407 , 1428.584668528606 , 1.3412988393185623 , 1383.746101446539
159 , 667.3 , 483 , 2948.532815759574 , -1952250.836838441 , 668.5037104308102 , 2.0981600065120682 , -36717.14868421114
0 , 404.26 , 483 , 70.29426744457598 , -28544.2096648315 , 404.06744933753146 , 0.9666849770355692 , 7159.739699649456
-601 , 2554.9 , 646 , 0 , 0 , 0 , 0 , 0
0 , 1428.67 , 646 , 14.24689943559246 , -20223.99658652301 , 1428.629328660317 , 1.2344133509289958 , 3313.321925790096
0 , 667.3 , 646 , -7.885646295845953 , 5770.911657920317 , 665.169037761208 , -0.9751451206106843 , -5178.229091821329
0 , 404.26 , 646 , 14.557067506099019 , -5187.921457936452 , 404.04071882056957 , 0.9184138562251506 , 16440.00458282724
-63 , 2554.9 , 686 , 0.1791453874704032 , -431.2256703875983 , 2556.04054824282 , -0.25702612341634495 , -191.53104564927958
0 , 1428.67 , 686 , -10.850516503816415 , 15530.40600006612 , 1428.6738771020491 , 1.248519420225232 , 2168.9915681871607
-2342 , 667.3 , 686 , 0 , 0 , 0 , 0 , 0
0 , 404.26 , 686 , 245.57856958271333 , -99789.26142741034 , 404.0115275631354 , 1.083492522244334 , 8983.878256661894
0 , 2554.9 , 7418 , -7.57709936376104 , 19323.198923442116 , 2557.7957372591986 , 4.133172579243014 , 77.31821166859284
0 , 1428.67 , 7418 , -1.3075873931892932 , 1910.7216315109267 , 1428.5576819080916 , 1.192881378628911 , 2887.241419127621
0 , 667.3 , 7418 , -2.498801987223008 , 1837.215937801111 , 667.3586579706966 , 0.7715488689908643 , 130.20638164247177
0 , 404.26 , 7418 , -6.051436308909184 , 2791.0640430563653 , 404.0293970796463 , 0.9129284306098415 , 12804.122782274735
