Integral Diff,Integral,TRANSITION,GATE,m,q,mean,sigma,amplitude
0 , 5828.386834343082 , 1887.34 , 1314.1 , -6.048437220532323 , 11494.084832192779 , 1887.120523076555 , 1.2810532616745745 , 1815.0667340607802
0 , 11016.604792723876 , 761.12 , 1314.1 , 0.33054682955582554 , 10.0868747196058 , 761.1753274122382 , 1.011227206979744 , 4346.1938411794135
0 , 36663.29285692942 , 1887.34 , 1539.4 , -10.764702052623733 , 20634.799514313876 , 1887.0444010165218 , 1.2489596195541277 , 11710.995715634683
0 , 70284.91572022375 , 761.12 , 1539.4 , 10.207811108424027 , -6740.403902929591 , 761.1255004638881 , 1.0148012470976575 , 27630.656502390655
0 , 1272.9638170347262 , 1887.34 , 1606.1 , 1.5322342177570873 , -2910.1782556983935 , 1886.4954285935607 , 1.860707126799634 , 273.42229765210055
1 , 638.4729221911678 , 761.12 , 1606.1 , 1.6711629515871744 , -1208.6435952070722 , 761.1299031366998 , 0.5800144628822982 , 439.15084856289303
0 , 1020.4051156047083 , 1887.34 , 1839.2 , -1.848569898171108 , 3489.7592539217735 , 1886.6703199144326 , 1.2022867481495543 , 338.5908244107327
0 , 2194.1101828167534 , 761.12 , 1839.2 , 6.012190235070051 , -4528.244327340499 , 761.1116660179068 , 1.1848892252449938 , 738.7388661508162
0 , 3598.758023518457 , 1887.34 , 1860.8 , 2.446107691054407 , -4595.618883915391 , 1887.0463256783307 , 1.3022548394452949 , 1102.4744353342855
0 , 6374.070876400296 , 761.12 , 1860.8 , -11.764027518252735 , 9175.294013672872 , 761.1307651977232 , 1.104076262299364 , 2303.1801591310095
0 , 4265.045408645805 , 1887.34 , 1961 , 0.3281289162167464 , -577.0442802226938 , 1887.0655140752829 , 1.26538355747732 , 1344.6600060311778
0 , 8175.965238832438 , 761.12 , 1961 , -15.9441590335205 , 12341.396510242574 , 761.1378439785166 , 1.0290863331501974 , 3169.5477198996005
0 , 6181.711725803354 , 1887.34 , 1981.9 , -4.607518421529162 , 8765.799920091502 , 1887.0357857751046 , 1.2711816404112697 , 1940.0469323952932
0 , 12157.301039559206 , 761.12 , 1981.9 , 6.50207156048142 , -4615.268213125222 , 761.1145577831717 , 1.0232187347475787 , 4740.004519559825
0 , 798.0980698859264 , 1887.34 , 2012.4 , -3.266406433496836 , 6162.784095373128 , 1887.1667674976652 , 1.1296667899729502 , 281.8486946643212
536 , 963.5238632828672 , 761.12 , 2012.4 , 2.7000110432161453 , -2004.858404319297 , 761.0223374233866 , 0.25113678985207205 , 1530.6017388598611
0 , 2610.8788454087194 , 1887.34 , 2052.1 , -5.070210424277174 , 9620.135741281467 , 1887.0528749574614 , 1.3126100158015857 , 793.5297555388585
0 , 4160.667091720415 , 761.12 , 2052.1 , 3.281086106663261 , -2037.1568775823673 , 761.2404190954675 , 1.0737339342877774 , 1545.8821195964401
0 , 3033.956796943296 , 1887.34 , 2085.2 , -5.204249203540317 , 10049.755026331784 , 1886.7258361988643 , 1.2136138615542102 , 997.3314121821545
0 , 6120.772825697613 , 761.12 , 2085.2 , -4.99586392035453 , 4344.288023020494 , 761.0360099695442 , 1.1061917364594263 , 2207.424927356026
0 , 22326.684108464753 , 1887.34 , 2186.2 , -5.854694695609215 , 11128.416558414707 , 1887.0450248093066 , 1.2732015754113164 , 6995.813194096209
0 , 42091.58122436564 , 761.12 , 2186.2 , -4.767550850446731 , 3980.8910870643913 , 761.1231661102557 , 1.0223999779082211 , 16424.209561524447
0 , 988.1781071629999 , 1887.34 , 2244.2 , -0.30108438005102334 , 578.8813827696409 , 1886.9879113493614 , 1.0254073626131182 , 384.4579664777191
0 , 2125.3962848890014 , 761.12 , 2244.2 , -2.1274036321082344 , 1660.712565022743 , 761.2138353635212 , 1.2729122081590045 , 666.12072979086
0 , 12654.508473363307 , 1887.34 , 2297.3 , -2.4397163648329063 , 4693.450114431165 , 1887.014729412881 , 1.320998639406777 , 3821.689503569182
0 , 23303.560513582448 , 761.12 , 2297.3 , 6.302036295948775 , -4095.1463325364616 , 761.1216898741452 , 1.0150060728174533 , 9159.330039245131
0 , 2915.9409377049024 , 1887.34 , 2333.3 , -0.9160629032810116 , 1798.8099686565156 , 1886.9712480165751 , 1.1120533166526956 , 1046.075930091113
0 , 5581.4020094347015 , 761.12 , 2333.3 , 8.94162887013219 , -6564.668971433389 , 761.0576640197737 , 0.9494095136426661 , 2345.3074928287174
0 , 1024.9150318678664 , 1887.34 , 2414 , 2.3549177872404883 , -4379.431105163951 , 1887.0029246360118 , 0.9134033992349518 , 447.64661527895214
0 , 3509.725855464103 , 761.12 , 2414 , -5.249931836002874 , 4182.345946158609 , 761.2668276257616 , 1.1186440476593391 , 1251.674527116617
0 , 1199.1418687720225 , 1887.34 , 2458.1 , -3.435203356051317 , 6485.9391790957525 , 1887.0767778124975 , 1.1591212604562566 , 412.7165317979301
0 , 1649.6058957413254 , 761.12 , 2458.1 , 1.3204351340928109 , -949.3728245329278 , 761.168384812388 , 0.7745520126178953 , 849.649251554353
0 , 1033.0072931163286 , 1887.34 , 2504.4 , -3.71822504170178 , 7060.831637997837 , 1887.4021776420968 , 0.8555964213293817 , 481.6643395484279
0 , 3253.1002439445756 , 761.12 , 2504.4 , -2.625708267812897 , 2030.9056423838424 , 761.1509253860831 , 0.9575162710209845 , 1355.3808637093507
0 , 1769.027608554983 , 1887.34 , 2550.3 , 1.8241405697625075 , -3422.5558595208 , 1887.1459910098863 , 1.7040373331408385 , 414.34437107188035
0 , 3396.918956513333 , 761.12 , 2550.3 , 6.024117767429727 , -4387.291638943967 , 761.0074737760332 , 1.193322405290405 , 1135.6321316986514
0 , 16841.82101686702 , 1887.34 , 263.53 , -74.25117438393605 , 140676.12342455387 , 1886.7985556599629 , 1.4896923740234849 , 4510.564443837735
0 , 23017.33639557574 , 761.12 , 263.53 , -67.67996838628333 , 52825.34455165107 , 761.1668843379979 , 1.0567832569088687 , 8689.18843189896
0 , 17030.03018119774 , 1887.34 , 2688.7 , -3.2951868711223264 , 6298.040918174662 , 1887.0493297084727 , 1.2677019148783328 , 5359.315383382231
0 , 32000.03419081808 , 761.12 , 2688.7 , -5.384974209936648 , 4437.3521058727865 , 761.1340132258819 , 1.0125197253907936 , 12608.314036433538
0 , 13842.592620395464 , 1887.34 , 2730.7 , -4.623880240703041 , 8800.68344550957 , 1887.0443116028741 , 1.2446523996422367 , 4436.904225370174
0 , 25593.034996001104 , 761.12 , 2730.7 , 4.865032062093637 , -3296.4333881770995 , 761.1129196320991 , 0.9892903519518879 , 10320.674552689177
0 , 1273.9268124046052 , 1887.34 , 2822.2 , 2.1603647707975946 , -4047.852384901827 , 1886.6522986159584 , 1.256406477721366 , 404.50692054469135
0 , 2947.506641230999 , 761.12 , 2822.2 , 3.965394630082024 , -2982.2074103840364 , 761.1372144551606 , 0.8649897838621278 , 1359.4207040327642
0 , 1725.1763859596483 , 1887.34 , 2846.8 , -0.10355367130114808 , 274.2230369865938 , 1886.8830420607997 , 1.4377010151433085 , 478.7279952570276
0 , 3036.7152268699842 , 761.12 , 2846.8 , 6.506206487831666 , -3874.8660701114904 , 761.0668856648018 , 0.978340940905837 , 1238.2943900486855
0 , 3493.7415476972155 , 1887.34 , 2890.7 , -0.16417011263044115 , 371.6979192111619 , 1886.8720831686244 , 1.3478670765557923 , 1034.088787374477
0 , 6674.969142261981 , 761.12 , 2890.7 , -2.5153793233993453 , 2110.1511469562142 , 761.0999555347857 , 1.0609834591399374 , 2509.8670822270074
0 , 5223.44155681634 , 1887.34 , 2950.5 , -1.8836679397065825 , 3650.8608167549783 , 1887.058749795801 , 1.2713213503790823 , 1639.1266730792336
0 , 9925.828121568398 , 761.12 , 2950.5 , 10.312905635256264 , -6594.856858573487 , 761.1126106042533 , 0.9799264530018587 , 4040.9486836060937
0 , 869.2151880696019 , 1887.34 , 3048.3 , -0.5601672153131247 , 1084.5450111289651 , 1887.1711961146882 , 1.3961584868930683 , 248.37693724676302
0 , 1702.643071227911 , 761.12 , 3048.3 , 0.14902715363724445 , -51.1855341872572 , 760.9099569629992 , 0.9114518637462539 , 745.2464980342643
-2 , 250.31010114502132 , 1887.34 , 3101.6 , 0.1692747828894614 , -298.8255778391322 , 1887.4013427038803 , 0.5142084902194176 , 194.19998786036845
365 , 732.1018746574296 , 761.12 , 3101.6 , -4.981438891887743 , 3822.2380276753797 , 760.0588988237968 , 0.25680211128762315 , 1137.3208339197772
0 , 1676.0445837829773 , 1887.34 , 3166.7 , 0.08680836080489898 , -155.64484084791675 , 1886.8496810154925 , 1.335618121944343 , 500.62992520465775
0 , 2393.5283745666416 , 761.12 , 3166.7 , 2.5561011570801786 , -1899.4869475044145 , 760.9682389315424 , 0.8895905914672728 , 1073.392274074386
0 , 1202.2061936886485 , 1887.34 , 3187.1 , 0.3776961456309509 , -697.7317782422164 , 1887.134871196867 , 1.5115135787643126 , 317.32942310853855
0 , 1930.2189024991678 , 761.12 , 3187.1 , -1.8380084016694824 , 1533.2894791408696 , 761.0032820098733 , 1.1083455601122196 , 694.7706617461316
0 , 5192.206608793053 , 1887.34 , 3195.8 , -2.90947763020921 , 5519.333060539968 , 1887.0701193974285 , 1.2966326544312499 , 1597.521596090996
0 , 9447.19111880837 , 761.12 , 3195.8 , 4.220386153655113 , -3108.31312347976 , 761.1217806683031 , 1.014525918304689 , 3714.9213403859367
0 , 9288.196195374036 , 1887.34 , 3628.9 , 1.1933351496713915 , -2204.8411575524183 , 1886.9895232349716 , 1.2953640185185127 , 2860.560856657696
0 , 17569.861689733494 , 761.12 , 3628.9 , 1.795853807642192 , -1201.022310628107 , 761.109288557762 , 1.0314396920687776 , 6795.705840234339
0 , 1198.9986723211307 , 1887.34 , 3805.14 , -1.0301259015560658 , 1967.806025761921 , 1887.0759448809258 , 0.9355756858729278 , 511.26944814263027
0 , 2131.9237301036987 , 761.12 , 3805.14 , -2.8859165915728973 , 2270.6472153812833 , 761.075488794161 , 1.0137497227438657 , 838.978791795095
0 , 1508.8567643742917 , 1887.34 , 3936 , -0.21905577805283505 , 447.8285062986811 , 1887.011647855918 , 1.1618711323230833 , 518.0840519024215
0 , 2764.277034978946 , 761.12 , 3936 , 7.5650588627251745 , -5682.824540986323 , 761.0853562734403 , 0.9528055542178011 , 1157.4103231285098
0 , 3039.298464403186 , 1887.34 , 667.3 , -4.339493274015277 , 8497.682270594873 , 1886.9557617678743 , 0.9955484623251032 , 1217.9263071535524
0 , 8260.864812031008 , 761.12 , 667.3 , 25.451313567391345 , -18482.355029662176 , 761.1427769826383 , 1.0362682216944494 , 3180.2656960459967
0 , 7300.515622053677 , 1887.34 , 8086.4 , -4.858489890592919 , 9211.268501001794 , 1886.987968297903 , 1.271009319501933 , 2291.479031332749
0 , 13851.687930681583 , 761.12 , 8086.4 , -0.7146868033659969 , 675.5859971011841 , 761.1045108376161 , 1.0095625173208742 , 5473.681811878964
0 , 210153.30495315377 , 1887.34 , 869.47 , -69.35616034719384 , 132428.36482309844 , 1887.0409296108726 , 1.2697289253576507 , 66029.23812956408
0 , 394071.7175508956 , 761.12 , 869.47 , 137.84060421094622 , -99528.54294436213 , 761.1340176998021 , 1.0103266856068842 , 155604.98646991493
0 , 126958.42884679828 , 1887.34 , 878.25 , -45.11482788009208 , 85915.75919011382 , 1887.0364789618704 , 1.2675451052974824 , 39958.49751635952
0 , 239977.95329219507 , 761.12 , 878.25 , 2.8030776283741687 , 525.5701468141744 , 761.1314909726966 , 1.0097929913056831 , 94808.88965701628
0 , 94936.25293762732 , 1887.34 , 966.6 , -32.91358774861666 , 62787.37097075557 , 1887.0294087714053 , 1.2562987186535215 , 30147.41069596184
0 , 180574.69078367166 , 761.12 , 966.6 , 2.081364961909426 , 287.857082492961 , 761.1136361840742 , 1.0123052994659854 , 71163.1947757422
